00000000000000000000000001111000000000100000000000010000001111000000011110100000000010000000101110000000000001010100000000000000
00001010000101000000011111111110000001100000000001110001111111110001111111101010011111100011111111111101110001111100000000000110
00111110001111111101111111111110000011100000010000111001111111100111111111101111111111000011111111111000111000011111000000011111
00111111111111111111111111111111100000000000000001110011111111100111111110001111111111001111111111111111110001111111110000011111
01111111111111111111111111111000000110000000111001110001111111100111111110000111111111011111111111110000000001111111111101011111
01111111111111111111111111110001101010000000111011110001111111111111111110111111111111111111111111110001110111111111111101011111
01111001111111111101111111111000111111000001111111110000000011111111100111111111101111111111111111110000000001111111111111111110
01110000111111110111111111111111111111000001111111111000111000111111101111111111101111111111111111110000000001111111111111111111
01111000011111111111111111111111111100000011111111111111001001111110001111111111111111111110111111111110000001111111111111111110
01111000011111111111111111111111111100000011111111111111101011111000111111111111111111111011111111111111100001111111111111111110
00111100111110111111111111111111111000010111111110111111111111110000011111111111111111110011111111111111111111111110111111111100
00101001111111111111111111111111111001010111111100011111111111111101111111011111111111110001111111111111111111101111111111111110
00111111111110111111111111111111111111000111111100011111111111111111111111010001100011111001111111111111111110001000111111111100
01111111111111111111111111111111100111100111111111011111111111111111111111010001100011111100011111111111111110000001111111111110
00011111111111111110000001111111111111000011111111111111111111111111111111110000000011111111111111111111111100000000111111111110
00111111111111111111111111111111111111100111111111111111111111111111111111111101110111111111000011111111111111010001111111111110
00111111011111111111111111111111011100000011111111111111111111111111111011111000000111110111001111111111111111110100010101111000
00111100001111111111111111111111000000110111111110001111111111101111100011111111110001000001111111101110001111111101000101001000
00011110001111111111111111111100000000110101111111111110011110000010000011111110100001110000111111101010001111111101000101000000
00011100000000111100011111111100000011111111111111111110111110000000000111111110101011111111111111101010000011111110000001001110
00000000011100001000011111111000000011111111111111111111111100000000000011111110001111111111111111111110001111111100000000011111
00000000011110001000011111110100001111111111111111111111111100000111111111111111011111111111111111111111000111111100000001111111
00000000111111101100001111110000001111111100100111111111111100011111111111111110001111111111100111111111110111111000100000111111
00000111111111111000011111111111011111110100000111111111111111111111111111111111001110101110000000011111100011111000111001111110
00000111111111110111111111111100011111110100000011100111111111111111111111111111001111101011101111001111110001110001111111111110
00000111111111111111111111111111111111111101001111110111111111111111111111111111111111111010111000000111111111110000111111111110
00000111111111100111111111111111111111111100000011111111111111111111111111111111111111111011111111111111111111110000111111111110
00000011111111111111100111111111111111111111111111111111111111111111111111111111111111111000110001111110111111110001111111111000
00000011111111110111100011111111111111111000110000111100111100001111111101111111111111110001110011111000011111111111111111111000
01110001111111111111101111111011111111111011111000011100000000001111111100111111111111111101000011111110111001111111100111111000
01111111111111111101111111100001111111111111110000011000000000000111111000111111111011111111110011111111110101111111100000111110
01111101111100011111111111110001111110111111110001111100001000011101101000111111100000111111110111111111111111111111100000111110
01111111111110111111110111000011111110011111100001111100001111111100000000111111110000011111111111111111111111000111100000001111
01111000111110111111110001111011111100011101111111111100111110111100000000111111110000111111111111111111111111000011111000001110
01111111111010111111100000101111111111111111000011111111111110001110001111111111111101111111111111100111111110001011100000000011
01111111111100001111100001111111100001111000011111111111111100011111011111111111111111111111111111000000111111111110111110000000
00101111111000111111110000111110000011111110000111111111111100011111011111110011111111111111111111000011111110111110101111110000
00101111111100111111110000011111000000111000000101111111111101111111011111000011111111111101111111000011011111111010111111111000
11100111111111111111111000000101000000111111010101011111111100111111011110000001110111111001111111111111100011111111111111111100
01000111111111111111111000000001000010100111001111111011111111111101111000000000111111111000011111111111111111111011111100111110
11100011111111111111111100000000000011000111111110000001111110011111111111011100001111111000011111111111111111111111111110111111
00110111110000000001110001000010000111100010000011110001111111001111111111111110111111111000001111110001111111111001111100001111
01111111100000000001111111000000001111101110001110100001110100001111111111111111111111111010001111111101111111111100011000000110
01111101110000000000011111111111101111111110011111111000010100001111111111111111111011111110001111100001111111100000000000000000
01111110000011101000011111110000111111111110001111111000010100011111011111111111110000111110001111111111111111100000100000000000
11111101111111111000011111111100111111111111001111111100010100111110000111111111110000111111001111111111111111100011111010000000
01111111011111111101011111111100001111111110000111111101010000111110000111111111111000111110001111111111101111100111111111100000
11111111111111111101011111111100000011111111000111111111111111111110001111111111111000111111111111111111111111110111111111000000
00111111111111111101011111111101000000111100000001111111111110100000111111111000110101111111111111111100011111111111111111000000
00111111111101111110001111110101010011111111100001111111111000000000111111110001111111111111110011111000111110000111111110000100
00111111111000111100000110000101001000010011100000111111111000000000111111110000000111111111110001110000011000011111111110011110
01111111111101111100000010000001111111001111110000111111110000100000001111110001111111111111100000000000111000000111111110001110
01111111111111111100001110000011111110000011100000111111111000000000001111110000111111111111100000000000100000000011111100011110
01111111111011111101111111101011111110001111111101111111111011100000001111110001111111111111000000011110111000000011111000001110
00111101011000111101111111101011111110001111111111111111111111000001111111110000111111111111110011111111110000000011111100011100
00111101110000010101111111101011111110001011111111111111111111100001111111000001111111111111111111111111110000000111111000011100
00001111010000011111111111101010101000000000111111111111101011111111111100010001111111111111111111111111000001010111100000011100
00111111111100111111111111101010000000000000111111111111100011111011111100000111111011111111111111111100000001010111110000111111
00011111111100111111111110101010010000000000111111111111000011111111111000111001111111111111111111111111000011110111000000001110
00111111111111111111111111101000111100000011111111111111100111111001111111111111000111111111111111111111111111100111111100011111
00011111111110111111111110100011111000000001011111111110000011111111100111111100000111111111111111110111111111111111111100001110
00111111111110111111111110000000111100000100000111111111000011111110001111111110000011111111111111100011111111111111111110011111
00111111111111111111111000000001010001010100000101111110000011111111000111111111000111100010111111100011111111111111111100001111
00111111111111111111111000000001000001110100001111111111000011111111000111111111001111100000111111100001111111010111111110111111
01111111111111111111100000111111000000110100011111111110000111111110000001111111111111101000001111000001110101000000111000110101
01111111111111110101000011111111000001111100011111111111000111111101000000001111111110111110011111000011000101000001111001111100
01111111101111010101000011111110000010000000001111111111001111111101000000001111111111111100000100000010100011111111110001111100
11111111111111111111101111111111101111111110001111111111101111111111110000001111111111111110011110001110100011111111110111111111
01100011111010001111111111111101111111100000011111111111111111111111111110111111111111111000011110001000100011111111110111111110
11101111101011111111111111110111111111111000011111111111111111111111111111111111111110000000111111100000011001111111000101111110
00100011111111111111111111111101110111110000011111111111111111111111111111111111111100000000011111000001111111000100000001111110
00100111101111111111111111111111000011111101011111111111111110001111011111111111111110011100111111100001111100001100011111111100
11000000011111111111111111111111000001111111010101111111111110001101011111111111111100000101111111100001111111000000011111111110
01100011011111111111111001111111110001111111000100011101111110000111011111111111111100001111111111100011111111100001111111111110
11111111111110111111100011111111111000111111101111110000011110000100001111111111111000001111111111110111110001000001111111111110
01111111111000011110101011111111111000111111111111000001111111010111111111111111111010111111111111111111100000000011111111110000
11111111111000011110101010111111111000011111111111000000011111111111100111111111111111111111111111111111110000000111111111110000
01111111111110111110101000111111110000000001111111000000111111111111111111111111111111110111100000111111111110001111111111100000
01111111111111111110101000011111111101111100111111100000011111111111100011111111111111110111100001111111111111111111111111100000
00111111111111111111110000011111111111111000111111111100000111111111100111111111111111100000000001111111111111111110111111101000
00111111111111111111110000011111111111111110001111111111000101111111110111111111111111110000110111111000011111111000111111111110
00111111111111111111111000011111111111111111111111111111000000011111111111111111111111100010111111111111101011111100111111111100
00111111111111111111110000111111111111111110001111111111000100001111111111111111111111111001111111110111111111111100111111011110
01111111100000111001111000111111111111111111111111111111100001000111111111111111111111010101111111111111111111111111111111011110
01111111100000001011111011101101111111111110001110111011001111000111111110111111111110000001111111111111111111111111111111111110
11110111001000000001111111101011111011111111111000001111111111100111111111111111111100001111111111111111111101111111111111111110
11110101111110000111111111101011111000111111100000000000111111100010011110101111111100001111111110001111111100111111111111111100
11111101001100001111111111111111110000111111000000000000001111111111000111111111110100011111111110000111111000111111101111111110
01111111001110011111111111111111111101000111000001100000001111111110000000111111010110101111111100000011111100111111101111111110
11111110000000111111111111111111110111000001000000101100000011111111000011111111011111111111111100000011111101111110101111111110
01111111000110111111111011111111111111100001000000111100001011111111100011111111011111111111111000001111111111111111111111111110
11111110000000111111111111110000011111100100000000111111101111111111111111111100011111101011111100001111111111111111111111111000
00100111000000001101111010111101010111111100000000011111111111111111111111111000000111100111111110011111111101111111111111100000
00000000000000000000001000000111000111111100000000111111111111111111111111110000011111110111111111111111110000111111101011110000
00000000000000011100000000001111000011111111011010111111111111111111111011111000000011111111111111111111111001111111100111100000
01100000000000111111000000001111000001111110001110111111111111011111110001111101111101111111111111111000101111110011100001111000
11111000001011111111110110011110000001111111111110111111111111011111110001111111000000011111111110111011111111111111111111111100
01111101111011111011111110111100000000011111111100111111111111010111110011111111111000001111111100001111111111111101111001111000
0111000111S001111000111111110000011111111111110001111111111111111111100011111111100000111111110010111111111111111111111111111000
00110001110000111011011111110000011111111111110001111111111111111111111111111111111000111111111111111111111111111101111000111000
00000000010001111110001111100000001111111111110011111111111111111111111101111110111111111111111111111111111111111111111000111110
00000000011000111111001111100000001111111111101011111111100011111111111100011111111111111111111111111111111111111111111000111100
00000000000000111111111111000000000111111111111011111111100011111111110101111111111111111111111111100000111110111111111111111110
00000000111101111111111111000000001111111111110011111110000011111111111101111111111111111111111111110000011110011111111110111110
00000110100001111111111111001000000101010111100001111110000001111110000001111111111111111111101111110000010101111111111111111110
10001111111111111111111110000000101111000011100011111100000111100000011100011011111111111111000111111100000111111111111111111110
00000111111001111111111111000000001111000000000111111100000000001110000111111111111111111100000111111000001111111111011111111100
10101111111001111111111111000000011111100011000111111000011111110101111111100001111111101111111111111000111111111101111111110100
00101111100000111111111111100110011111000011111111111000000111111111111111111111111110000011111111100000111111111100011111100000
00111110000000011111111111000011111110011111111111110000011111111111111111111111111100000111111111100000011111111100011111000000
01111000000000011101111111100111111110011111111111111110111111111111111111111111111100000111111111111010001111110101101111111100
00111000000000011111111111101111111100111111111111011111111111111111111100011111111100000111111111111110000011110111111111100000
00111100001111111111111111111111111111111111111111111111111111111111111111111111111000000111111111111111100000111101111111111100
00111100000111111111111111111111111111111111111111111111111111111010111110111111111010000111111111111111110000111111111000010000
01111110001111111111110001111111111111111111111111111111111111110110111111111111111110011111111111111111110000111111111100010100
00111110111111111000011111111111111111111111111111111111111111110000111111111111111111111111111111111111110000111111111000010000
00011111111111110000001111001111111111011111111111111111111111100000011111111111111110011111101111111111110100011111101111110000
00001111111111111000011111111111111111111111110111111111111111110000111111111111111100111111100010101111110100000011100001110000
00011111111111110000001111101111111111011111000101111111111111100000111100111111111100011111100010111111111100000010100111111100
000111111000111111111111101111111E1111111111001111111111111111110001111100111000011000011111110000111111000110001110000111111100
01111111100000100011111111000111111111111111111111111111111111000011111100111100110000111111111000111110111111011111010111111111
00101011100000011111111111111111111111111111111111111101111111101111111100011111111001111111111000111010111111111111000011111110
01111010100101000111111111111111111111111111111111111111111110101111111101111111100111111111110000000011111101111110000001111111
01100000100111101111111000111111111111111111111111111101111110101111110101111111100111111111110001110011111001111111000001111110
11110001111110000111111000111111101111111111111111111111111110101111110111111111001111111111100001110101111000111110000001111111
01000001110100000000111111111111011111111111111111111101111110111110001111111111011111101111110111111111111011111111000001111110
01000001010100000000011111111111001100010111111111111111000000011100111111111101010110000011000001110101111000011110000000001110
00000000000000000000001111110000000000000000000000010101000000011100001011110000000000000000000000010000000000000000000000000000
